03000000
08000000
08000000
0100011001000110
0100011001000110
0100011001000110
0100011001000110
0100011001000110
0100011001000110
0100011001000110
0100011001000110
0100011001000110
0100011001000110
0100011001000110
0100011001000110
0100011001000110
0100011001000110
0100011001000110
0100011001000110
0100011001000110
0100011001000110
0100011001000110
0100011001000110
0100011001000110
0100011001000110
0100011001000110
0100011001000110
0100011001000110
0100011001000110
0100011001000110
0100011001000110
0100011001000110
0100011001000110
0100011001000110
0100011001000110