10001010100000000000001000000000
10001010100110000000001000000000
10001010101000000000001000000000
10001010101001000000001000000000
10001010101110000000001000000000
10001010100100000000001000000000
10001010101100000000001000000000
10001010101101000000001000000000
11000010000000000000001000000000
11000010000110000000001000000000
11000010001000000000001000000000
11000010001001000000001000000000
11000010001110000000001000000000
11000010000100000000001000000000
11000010001100000000001000000000
11000010001101000000001000000000
00000000000000000000000000000000
00000000000000000000000000000000
00000000000000000000000000000000
00000000000000000000000000000000
00000000000000000000000000000000
10001010100101000000001000000000
00000000000000000000000000000000
00000000000000000000000000000000
11000010000001000000001000000000
00000000000000000000000000000000
00000000000000000000000000000000
00000000000000000000000000000000
00000000000000000000000000000000
11000010000101000000001000000000
00000000000000000000000000000000
00000000000000000000000000000000
11000010010000000000001000000000
11000010010001000000001000000000
11000010010010000000001000000000
11000010010011000000001000000000
11000010010100000000001000000000
11000010010101000000001000000000
11000010010110000000001000000000
11000010010111000000001000000000
10001011000000000010000100000000
10001011000000000010010100000000
10001011000000000010100100000000
00000000000000000000000000000000
10001011000000000010110100000000
10001011000000000011000100000000
00000000000000000000000000000000
00000000000000000000000000000000
11010001011111000011010100000000
11010001011111000011100100000000
11010001011111000011110100000000
00000000000000000000000000000000
00000000000000000000000000000000
00000000000000000000000000000000
00000000000000000000000000000000
00000000000000000000000000000000
11011100000000000100000000000000
11011100000000001000000000000000
00000000000000000000000000000000
00000000000000000000000000000000
11011100000000001100000000000000
11011100000000010000000000000000
11011100000000010100000000000000
11011100000000011000000000000000
00100010000000100000001000000000
00100010111111000000001000000000
10001111000000011100000000000000
00101110000000011100000000000000
11000000000000000000000011000000
11000000000000000000000010101100
11000000000000000000000010111010
11000000000000000000000010111001
